Date,expanding_mean,rolling_mean
1986,2363756.0,2363756.0
1987,2468475.0,2573194.0
1988,2373021.0,2182113.0
1989,2440876.25,2644442.0
1990,2517415.4,2823572.0
1991,2584602.3333333335,2920537.0
1992,2664574.1428571427,3144405.0
1993,2695526.5,2912193.0
1994,2734484.111111111,3046145.0
1995,2773564.2,3125285.0
1996,2795255.727272727,3012171.0
1997,2803110.5,2889513.0
1998,2827550.4615384615,3120830.0
1999,2849252.6428571427,3131381.0
2000,2848518.0,2838233.0
2001,2842893.5,2758526.0
2002,2850586.6470588236,2973677.0
2003,2859963.777777778,3019375.0
2004,2860403.4210526315,2868317.0
2005,2859165.8,2835651.0
2006,2859695.761904762,2870295.0
2007,2872952.4545454546,3151343.0
2008,2881371.0434782607,3066580.0
2009,2898613.375,3295187.0
2010,2928276.24,3640185.0
2011,2946201.230769231,3394326.0
2012,2964776.3333333335,3447729.0
2013,2972749.6785714286,3188030.0
2014,2991395.6896551726,3513484.0
2015,3028272.8333333335,4097710.0
2016,3067914.9032258065,4257177.0
